50 1 0.20 50 1.85 0.00 13
50 2 0.20 50 2.18 0.00 14
100 1 0.20 50 2.96 0.00 18
100 2 0.20 50 3.52 0.00 10
100 3 0.20 50 4.16 0.00 10
150 1 0.20 50 4.04 0.00 9
150 3 0.20 50 6.92 0.00 10
200 2 0.20 50 14.59 0.00 10
250 1 0.20 50 14.83 0.00 10
250 2 0.20 50 19.56 0.00 10
250 3 0.20 50 23.47 0.00 10
300 1 0.20 50 18.23 0.00 9
300 2 0.20 50 24.29 0.01 10
300 3 0.20 50 29.55 0.00 10
350 2 0.20 50 29.60 0.00 10
400 2 0.20 50 37.86 0.00 10
400 3 0.20 50 50.53 0.01 10
450 1 0.20 50 25.85 0.00 10
500 1 0.20 50 30.35 0.00 10
500 3 0.20 50 69.61 0.01 10
550 2 0.20 50 57.85 0.01 10
600 1 0.20 50 35.22 0.00 10
600 2 0.20 50 65.72 0.01 10
600 3 0.20 50 92.73 0.02 10
650 1 0.20 50 39.10 0.01 10
650 2 0.20 50 72.12 0.01 10
650 3 0.20 50 105.73 0.02 10
700 1 0.20 50 42.99 0.00 10
700 2 0.20 50 80.61 0.01 10
700 3 0.20 50 120.31 0.03 10
750 1 0.20 50 46.02 0.00 10
750 2 0.20 50 90.19 0.02 10
750 3 0.20 50 137.05 0.03 10
800 1 0.20 50 49.12 0.00 10
800 2 0.20 50 99.98 0.02 10
850 3 0.20 50 170.16 0.04 10
900 1 0.20 50 56.30 0.01 10
900 2 0.20 50 123.43 0.03 10
900 3 0.20 50 190.45 0.04 10
950 1 0.20 50 59.00 0.01 10
950 2 0.20 50 134.79 0.03 10
950 3 0.20 50 210.73 0.04 10
1000 1 0.20 50 62.26 0.01 10
1000 3 0.20 50 232.49 0.05 10
50 1 0.20 100 3.71 0.00 16
50 2 0.20 100 4.34 0.00 11
50 3 0.20 100 4.96 0.00 17
100 1 0.20 100 5.40 0.00 13
100 2 0.20 100 6.52 0.00 10
100 3 0.20 100 7.92 0.00 10
150 1 0.20 100 7.63 0.00 10
150 3 0.20 100 13.42 0.00 10
200 1 0.20 100 21.27 0.00 19
200 2 0.20 100 26.91 0.00 10
200 3 0.20 100 32.14 0.00 10
250 1 0.20 100 27.31 0.00 10
250 2 0.20 100 36.24 0.00 10
250 3 0.20 100 42.57 0.00 10
300 1 0.20 100 33.37 0.00 14
300 2 0.20 100 44.65 0.00 10
300 3 0.20 100 54.30 0.00 10
350 2 0.20 100 53.81 0.00 10
350 3 0.20 100 68.94 0.01 10
400 1 0.20 100 45.98 0.00 10
400 2 0.20 100 73.06 0.01 10
400 3 0.20 100 99.77 0.01 10
450 1 0.20 100 52.03 0.00 10
450 2 0.20 100 85.73 0.01 20
450 3 0.20 100 121.29 0.01 10
500 1 0.20 100 57.75 0.00 10
500 2 0.20 100 101.71 0.01 10
500 3 0.20 100 141.00 0.01 10
550 1 0.20 100 63.91 0.00 10
550 2 0.20 100 117.28 0.01 10
550 3 0.20 100 163.48 0.01 10
600 1 0.20 100 70.32 0.01 10
600 2 0.20 100 131.42 0.01 10
600 3 0.20 100 187.99 0.02 10
650 1 0.20 100 78.15 0.00 10
650 2 0.20 100 146.02 0.01 10
650 3 0.20 100 213.64 0.02 10
700 1 0.20 100 85.54 0.01 10
700 3 0.20 100 242.75 0.03 10
750 1 0.20 100 91.81 0.01 13
750 2 0.20 100 180.84 0.02 10
750 3 0.20 100 272.57 0.03 10
800 3 0.20 100 305.36 0.03 10
850 2 0.20 100 223.95 0.02 10
850 3 0.20 100 340.60 0.04 10
900 1 0.20 100 111.55 0.01 10
900 3 0.20 100 379.60 0.04 10
950 1 0.20 100 117.96 0.01 10
950 2 0.20 100 269.43 0.03 10
950 3 0.20 100 420.63 0.05 10
1000 1 0.20 100 124.26 0.01 10
1000 2 0.20 100 295.00 0.03 10
1000 3 0.20 100 464.50 0.05 10
50 1 0.20 150 5.54 0.00 15
50 2 0.20 150 6.49 0.00 14
50 3 0.20 150 7.41 0.00 13
100 1 0.20 150 8.30 0.00 14
100 2 0.20 150 10.23 0.00 10
150 1 0.20 150 12.03 0.00 12
150 3 0.20 150 20.70 0.00 10
200 1 0.20 150 31.84 0.00 12
200 2 0.20 150 40.41 0.00 10
200 3 0.20 150 48.34 0.00 10
250 1 0.20 150 40.97 0.00 10
250 2 0.20 150 53.21 0.00 10
250 3 0.20 150 64.19 0.00 10
300 1 0.20 150 50.16 0.00 10
300 2 0.20 150 67.35 0.00 10
350 1 0.20 150 59.75 0.00 10
350 2 0.20 150 80.85 0.00 10
350 3 0.20 150 99.90 0.00 10
400 1 0.20 150 68.46 0.00 10
400 2 0.20 150 109.51 0.00 10
400 3 0.20 150 149.23 0.01 10
450 1 0.20 150 77.59 0.00 10
450 2 0.20 150 128.70 0.01 10
450 3 0.20 150 182.28 0.01 10
500 1 0.20 150 86.77 0.00 10
500 2 0.20 150 152.44 0.01 10
500 3 0.20 150 211.47 0.01 10
550 1 0.20 150 96.01 0.00 10
550 2 0.20 150 175.14 0.01 10
550 3 0.20 150 246.14 0.02 10
600 1 0.20 150 105.14 0.00 10
600 3 0.20 150 281.78 0.02 10
650 1 0.20 150 117.47 0.00 10
650 2 0.20 150 220.47 0.01 10
700 1 0.20 150 128.23 0.01 10
700 3 0.20 150 365.04 0.03 10
750 1 0.20 150 137.90 0.01 10
750 2 0.20 150 272.13 0.02 10
750 3 0.20 150 410.07 0.03 10
800 1 0.20 150 147.40 0.01 10
800 2 0.20 150 300.10 0.02 10
800 3 0.20 150 456.42 0.03 10
850 1 0.20 150 157.06 0.01 10
850 2 0.20 150 335.31 0.02 10
850 3 0.20 150 510.43 0.04 10
900 1 0.20 150 166.73 0.01 10
900 2 0.20 150 369.17 0.03 10
900 3 0.20 150 569.62 0.04 10
950 2 0.20 150 404.86 0.03 10
950 3 0.20 150 631.40 0.04 10
1000 1 0.20 150 187.06 0.01 10
1000 2 0.20 150 442.06 0.03 10
1000 3 0.20 150 698.62 0.05 10
50 1 0.20 200 7.40 0.00 14
50 2 0.20 200 8.72 0.00 20
50 3 0.20 200 9.90 0.00 20
100 1 0.20 200 11.47 0.00 18
100 2 0.20 200 13.91 0.00 10
150 2 0.20 200 21.87 0.00 10
150 3 0.20 200 28.24 0.00 10
200 1 0.20 200 42.66 0.00 14
200 2 0.20 200 53.93 0.00 10
200 3 0.20 200 64.29 0.00 10
250 1 0.20 200 54.79 0.00 10
300 1 0.20 200 67.21 0.00 10
300 2 0.20 200 89.24 0.00 10
300 3 0.20 200 108.47 0.00 10
350 1 0.20 200 79.16 0.00 16
350 2 0.20 200 107.82 0.00 10
350 3 0.20 200 133.22 0.00 10
400 2 0.20 200 145.92 0.01 10
400 3 0.20 200 198.94 0.01 10
450 1 0.20 200 103.66 0.00 10
450 2 0.20 200 171.47 0.01 10
450 3 0.20 200 241.02 0.01 10
500 2 0.20 200 204.01 0.01 10
500 3 0.20 200 282.41 0.01 10
550 1 0.20 200 128.15 0.00 10
550 2 0.20 200 233.51 0.01 10
550 3 0.20 200 327.72 0.01 10
600 1 0.20 200 140.80 0.00 10
600 2 0.20 200 262.74 0.01 10
600 3 0.20 200 376.48 0.02 10
650 1 0.20 200 156.66 0.01 10
650 3 0.20 200 427.09 0.02 10
700 1 0.20 200 171.33 0.00 10
700 3 0.20 200 486.33 0.03 10
750 1 0.20 200 183.35 0.01 10
750 2 0.20 200 361.85 0.02 10
750 3 0.20 200 546.39 0.03 10
800 1 0.20 200 196.39 0.01 10
800 2 0.20 200 401.17 0.02 10
800 3 0.20 200 607.59 0.03 10
850 1 0.20 200 209.87 0.01 10
850 2 0.20 200 448.07 0.02 10
850 3 0.20 200 678.75 0.04 10
900 1 0.20 200 222.71 0.01 10
900 2 0.20 200 491.75 0.03 10
900 3 0.20 200 761.61 0.04 10
950 1 0.20 200 238.27 0.01 10
950 2 0.20 200 541.16 0.03 10
950 3 0.20 200 842.97 0.05 10
1000 1 0.20 200 249.18 0.01 10
1000 2 0.20 200 589.99 0.03 10
1000 3 0.20 200 930.64 0.05 10
50 1 0.20 250 9.26 0.00 18
50 2 0.20 250 10.91 0.00 18
50 3 0.20 250 12.47 0.00 20
100 1 0.20 250 14.43 0.00 13
100 2 0.20 250 17.41 0.00 16
100 3 0.20 250 20.52 0.00 19
150 1 0.20 250 19.37 0.00 15
150 2 0.20 250 26.07 0.00 10
150 3 0.20 250 34.16 0.00 10
200 1 0.20 250 53.09 0.00 17
200 2 0.20 250 67.47 0.00 10
200 3 0.20 250 83.06 0.00 10
250 1 0.20 250 68.37 0.00 10
250 2 0.20 250 88.81 0.00 10
250 3 0.20 250 105.77 0.00 10
300 1 0.20 250 83.71 0.00 16
300 2 0.20 250 110.53 0.00 10
300 3 0.20 250 134.44 0.00 10
350 1 0.20 250 99.15 0.00 10
350 2 0.20 250 134.82 0.00 10
350 3 0.20 250 172.70 0.00 10
400 1 0.20 250 175.43 0.00 10
400 2 0.20 250 395.09 0.02 10
400 3 0.20 250 576.19 0.01 10
450 1 0.20 250 292.16 0.01 10
450 3 0.20 250 641.57 0.01 10
500 2 0.20 250 520.82 0.02 10
500 3 0.20 250 729.16 0.02 10
550 2 0.20 250 622.51 0.02 10
550 3 0.20 250 621.57 0.03 10
600 1 0.20 250 288.93 0.01 10
600 2 0.20 250 508.61 0.01 10
600 3 0.20 250 678.25 0.02 10
650 1 0.20 250 215.56 0.00 10
650 2 0.20 250 403.31 0.01 10
650 3 0.20 250 586.55 0.02 10
700 1 0.20 250 234.38 0.01 13
700 2 0.20 250 447.81 0.02 10
700 3 0.20 250 664.77 0.03 10
750 1 0.20 250 250.99 0.01 10